# date	time	epoch	nupdates	lr	lrcriterion	runtime	bch(ms)	smp(ms)	fwd(ms)	crit-fwd(ms)	bwd(ms)	optim(ms)	loss	train-LER	train-WER	valid-dev-loss	valid-dev-LER	valid-dev-WER	avg-isz	avg-tsz	max-tsz	hrs	thrpt(sec/sec)
2023-04-13 13:16:01        1          799 0.200000 0.020000 00:06:51 515.39 1.01 189.86 8.22 221.22 102.24   49.69491 103.45 106.01   33.21021 100.00 100.00 756 025 113    3.36 29.36
2023-04-13 13:23:49        2         1598 0.200000 0.020000 00:06:51 514.49 0.87 188.83 8.20 221.51 102.28   34.64125 100.00 100.00   35.07113 100.00 100.00 756 025 111    3.36 29.41
2023-04-13 13:31:27        3         2397 0.200000 0.020000 00:06:50 514.05 0.82 188.57 8.11 221.24 102.44   33.66624 100.00 100.00   33.41865 100.00 100.00 756 025 111    3.36 29.44
2023-04-13 13:39:07        4         3196 0.200000 0.020000 00:06:52 516.12 0.86 189.40 8.22 222.13 102.73   33.27379 100.00 100.00   33.18931 100.00 100.00 756 025 115    3.36 29.32
2023-04-13 13:46:48        5         3995 0.200000 0.020000 00:06:53 517.77 0.85 190.40 8.44 223.09 102.43   33.02579 100.00 100.00   33.06604 100.00 100.00 756 025 116    3.36 29.23
2023-04-13 13:54:28        6         4794 0.200000 0.020000 00:06:52 516.70 0.88 189.81 8.18 222.57 102.44   32.72771 100.00 100.00   32.87222 100.00 100.00 756 025 116    3.36 29.29
2023-04-13 14:02:07        7         5593 0.200000 0.020000 00:06:52 516.05 0.87 189.09 7.96 222.50 102.57   32.69005 100.00 100.00   33.18429 100.00 100.00 756 025 113    3.36 29.32
2023-04-13 14:09:48        8         6392 0.200000 0.020000 00:06:53 516.95 0.87 189.73 8.17 222.67 102.64   32.53432 100.00 100.00   33.06207 100.00 100.00 756 025 113    3.36 29.27
2023-04-13 14:17:28        9         7191 0.200000 0.020000 00:06:52 516.63 0.89 189.58 8.23 222.50 102.66   32.44831 100.00 100.00   33.23867 100.00 100.00 756 025 114    3.36 29.29
2023-04-13 14:25:07       10         7990 0.100000 0.010000 00:06:52 515.81 0.87 189.02 8.14 222.01 102.90   32.04355 100.00 100.00   32.94941 100.00 100.00 756 025 115    3.36 29.34
2023-04-13 14:32:46       11         8789 0.100000 0.010000 00:06:51 515.00 0.84 188.58 7.89 221.99 102.59   31.95039 100.00 100.00   33.18671 100.00 100.00 756 025 114    3.36 29.38
2023-04-13 14:40:26       12         9588 0.100000 0.010000 00:06:53 517.03 0.88 189.46 8.16 222.40 103.27   31.89623 100.00 100.00   33.59636 100.00 100.00 756 025 118    3.36 29.27
2023-04-13 14:48:05       13        10387 0.100000 0.010000 00:06:51 514.86 0.86 188.61 7.89 221.78 102.63   31.89440 100.00 100.00   32.81955 100.00 100.00 756 025 115    3.36 29.39
2023-04-13 14:55:45       14        11186 0.100000 0.010000 00:06:51 514.87 0.79 188.77 8.09 221.67 102.75   31.87149 100.00 100.00   32.95769 100.00 100.00 756 025 111    3.36 29.39
2023-04-13 15:03:25       15        11985 0.050000 0.005000 00:06:51 515.64 0.75 189.20 8.06 222.26 102.53   31.75212 100.00 100.00   32.94138 100.00 100.00 756 025 113    3.36 29.35
2023-04-13 15:11:06       16        12784 0.050000 0.005000 00:06:52 516.65 0.78 189.32 7.95 222.82 102.82   31.73704 100.00 100.00   32.90752 100.00 100.00 756 025 114    3.36 29.29
2023-04-13 15:18:48       17        13583 0.050000 0.005000 00:06:53 517.30 0.74 189.81 8.13 222.96 102.90   31.70659 100.00 100.00   33.12585 100.00 100.00 756 025 113    3.36 29.25
2023-04-13 15:26:28       18        14382 0.050000 0.005000 00:06:52 516.42 0.73 189.58 8.12 222.69 102.53   31.71795 100.00 100.00   32.95562 100.00 100.00 756 025 111    3.36 29.30
2023-04-13 15:34:08       19        15181 0.050000 0.005000 00:06:52 516.13 0.75 189.44 8.07 222.61 102.45   31.68079 100.00 100.00   32.95649 100.00 100.00 756 025 118    3.36 29.32
2023-04-13 15:41:49       20        15980 0.025000 0.002500 00:06:52 516.59 0.74 189.78 8.15 222.68 102.49   31.66193 100.00 100.00   32.98255 100.00 100.00 756 025 111    3.36 29.29
2023-04-13 15:49:30       21        16779 0.025000 0.002500 00:06:52 516.49 0.74 189.38 7.86 222.82 102.66   31.69410 100.00 100.00   32.95361 100.00 100.00 756 025 114    3.36 29.30
2023-04-13 15:57:11       22        17578 0.025000 0.002500 00:06:52 516.77 0.74 189.40 8.08 222.89 102.84   31.64476 100.00 100.00   32.95421 100.00 100.00 756 025 116    3.36 29.28
2023-04-13 16:04:52       23        18377 0.025000 0.002500 00:06:52 516.79 0.74 189.55 8.09 222.82 102.79   31.69655 100.00 100.00   32.95935 100.00 100.00 756 025 115    3.36 29.28
2023-04-13 16:12:36       24        19176 0.025000 0.002500 00:06:55 519.79 0.77 190.27 7.91 224.01 103.81   31.70070 100.00 100.00   33.06899 100.00 100.00 756 025 115    3.36 29.11
2023-04-13 16:20:19       25        19975 0.012500 0.001250 00:06:54 519.09 0.82 190.52 8.19 223.46 103.34   31.64500 100.00 100.00   33.08734 100.00 100.00 756 025 114    3.36 29.15
2023-04-13 16:28:00       26        20774 0.012500 0.001250 00:06:53 517.29 0.75 189.87 8.17 222.91 102.85   31.63688 100.00 100.00   32.97568 100.00 100.00 756 025 112    3.36 29.25
2023-04-13 16:35:41       27        21573 0.012500 0.001250 00:06:52 516.85 0.76 189.59 7.81 223.08 102.54   31.66878 100.00 100.00   32.96626 100.00 100.00 756 025 111    3.36 29.28
2023-04-13 16:43:22       28        22372 0.012500 0.001250 00:06:52 516.67 0.76 189.45 8.12 222.79 102.74   31.65992 100.00 100.00   33.06252 100.00 100.00 756 025 116    3.36 29.29
2023-04-13 16:51:03       29        23171 0.012500 0.001250 00:06:53 517.01 0.71 189.87 7.80 223.73 101.84   31.64215 100.00 100.00   33.00770 100.00 100.00 756 025 111    3.36 29.27
2023-04-13 16:58:44       30        23970 0.006250 0.000625 00:06:52 516.54 0.75 189.60 8.12 222.63 102.68   31.72023 100.00 100.00   33.08886 100.00 100.00 756 025 111    3.36 29.30
2023-04-13 17:06:25       31        24769 0.006250 0.000625 00:06:52 516.46 0.76 189.57 8.12 222.52 102.72   31.62433 100.00 100.00   33.03681 100.00 100.00 756 025 113    3.36 29.30
2023-04-13 17:14:06       32        25568 0.006250 0.000625 00:06:52 516.65 0.76 189.53 8.12 222.62 102.82   31.62454 100.00 100.00   33.02119 100.00 100.00 756 025 115    3.36 29.29
2023-04-13 17:21:47       33        26367 0.006250 0.000625 00:06:52 516.88 0.77 189.37 7.88 222.76 103.09   31.63785 100.00 100.00   33.08102 100.00 100.00 756 025 111    3.36 29.28
2023-04-13 17:29:28       34        27166 0.006250 0.000625 00:06:53 517.32 0.76 189.65 7.87 222.82 103.20   31.66613 100.00 100.00   33.04952 100.00 100.00 756 025 114    3.36 29.25
2023-04-13 17:37:09       35        27965 0.003125 0.000313 00:06:52 516.41 0.76 189.28 8.07 222.54 102.94   31.66578 100.00 100.00   33.05226 100.00 100.00 756 025 112    3.36 29.30
2023-04-13 17:44:50       36        28764 0.003125 0.000313 00:06:52 516.58 0.76 189.42 7.89 222.66 102.83   31.61706 100.00 100.00   33.05219 100.00 100.00 756 025 116    3.36 29.29
2023-04-13 17:52:31       37        29563 0.003125 0.000313 00:06:52 516.31 0.78 189.24 7.87 222.64 102.74   31.62751 100.00 100.00   33.10506 100.00 100.00 756 025 111    3.36 29.31
2023-04-13 18:00:11       38        30362 0.003125 0.000313 00:06:52 516.45 0.76 189.35 8.11 222.64 102.80   31.63793 100.00 100.00   33.04008 100.00 100.00 756 025 113    3.36 29.30
2023-04-13 18:07:51       39        31161 0.003125 0.000313 00:06:51 515.38 0.73 189.05 7.83 222.33 102.39   31.62975 100.00 100.00   33.07395 100.00 100.00 756 025 115    3.36 29.36
2023-04-13 18:15:32       40        31960 0.001563 0.000156 00:06:52 516.78 0.78 189.39 7.89 222.85 102.85   31.62371 100.00 100.00   33.04955 100.00 100.00 756 025 113    3.36 29.28
2023-04-13 18:23:13       41        32759 0.001563 0.000156 00:06:52 516.15 0.78 188.98 7.81 222.59 102.91   31.64987 100.00 100.00   33.01085 100.00 100.00 756 025 115    3.36 29.32
2023-04-13 18:30:54       42        33558 0.001563 0.000156 00:06:53 517.24 0.77 189.71 8.19 222.81 103.04   31.59235 100.00 100.00   33.10528 100.00 100.00 756 025 115    3.36 29.26
2023-04-13 18:38:35       43        34357 0.001563 0.000156 00:06:52 516.40 0.75 189.36 8.06 222.51 102.90   31.66069 100.00 100.00   33.08410 100.00 100.00 756 025 112    3.36 29.30
2023-04-13 18:46:17       44        35156 0.001563 0.000156 00:06:53 517.10 0.78 189.45 7.98 223.02 102.94   31.61252 100.00 100.00   33.04436 100.00 100.00 756 025 112    3.36 29.27
2023-04-13 18:53:57       45        35955 0.000781 0.000078 00:06:52 516.20 0.78 189.24 7.86 222.50 102.81   31.63394 100.00 100.00   33.06032 100.00 100.00 756 025 118    3.36 29.32
2023-04-13 19:01:37       46        36754 0.000781 0.000078 00:06:52 516.26 0.78 189.41 8.16 222.48 102.70   31.60364 100.00 100.00   33.04797 100.00 100.00 756 025 112    3.36 29.31
2023-04-13 19:09:18       47        37553 0.000781 0.000078 00:06:52 516.30 0.78 189.27 7.86 222.44 102.92   31.64221 100.00 100.00   33.07569 100.00 100.00 756 025 114    3.36 29.31
2023-04-13 19:16:58       48        38352 0.000781 0.000078 00:06:52 516.44 0.76 189.47 7.81 222.54 102.78   31.60985 100.00 100.00   33.04206 100.00 100.00 756 025 115    3.36 29.30
2023-04-13 19:24:39       49        39151 0.000781 0.000078 00:06:53 516.92 0.80 189.25 7.85 222.74 103.21   31.65681 100.00 100.00   33.07386 100.00 100.00 756 025 117    3.36 29.28
2023-04-13 19:32:21       50        39950 0.000391 0.000039 00:06:54 519.40 0.85 190.59 8.19 223.61 103.39   31.63958 100.00 100.00   33.07749 100.00 100.00 756 025 114    3.36 29.14
2023-04-13 19:40:20       51        40749 0.000391 0.000039 00:07:09 538.07 1.07 196.98 8.68 230.44 108.39   31.61135 100.00 100.00   33.04112 100.00 100.00 756 025 111    3.36 28.12
2023-04-13 19:48:02       52        41548 0.000391 0.000039 00:06:54 519.27 0.87 190.58 8.20 223.73 103.07   31.68819 100.00 100.00   33.06648 100.00 100.00 756 025 120    3.36 29.14
2023-04-13 19:55:43       53        42347 0.000391 0.000039 00:06:52 516.78 0.90 189.82 8.12 222.89 102.16   31.63330 100.00 100.00   33.08169 100.00 100.00 756 025 112    3.36 29.28
2023-04-13 20:03:23       54        43146 0.000391 0.000039 00:06:52 515.95 0.86 189.45 8.16 222.46 102.19   31.62607 100.00 100.00   33.04062 100.00 100.00 756 025 114    3.36 29.33
2023-04-13 20:11:01       55        43945 0.000195 0.000020 00:06:50 513.68 0.84 188.29 8.05 221.39 102.20   31.62765 100.00 100.00   33.08434 100.00 100.00 756 025 115    3.36 29.46
2023-04-13 20:18:44       56        44744 0.000195 0.000020 00:06:54 518.57 0.86 190.42 8.32 223.47 102.82   31.65963 100.00 100.00   33.08522 100.00 100.00 756 025 112    3.36 29.18
2023-04-13 20:26:28       57        45543 0.000195 0.000020 00:06:55 519.93 0.88 190.59 7.99 223.88 103.54   31.60142 100.00 100.00   33.04809 100.00 100.00 756 025 113    3.36 29.11
