# date	time	epoch	nupdates	lr	lrcriterion	runtime	bch(ms)	smp(ms)	fwd(ms)	crit-fwd(ms)	bwd(ms)	optim(ms)	loss	train-LER	train-WER	valid-dev-loss	valid-dev-LER	valid-dev-WER	avg-isz	avg-tsz	max-tsz	hrs	thrpt(sec/sec)
2023-04-17 22:59:03        1          799 0.040000 0.040000 00:06:56 521.76 0.92 190.97 8.06 225.74 103.20   42.40133 99.21 100.00   37.52287 100.00 100.00 756 025 113    3.36 29.00
2023-04-17 23:07:10        2         1598 0.080000 0.080000 00:07:00 526.79 0.77 191.57 8.30 230.63 102.93   34.07304 100.00 100.00   34.68814 100.00 100.00 756 025 111    3.36 28.73
2023-04-17 23:15:01        3         2397 0.120000 0.120000 00:07:02 528.92 0.77 191.88 8.10 232.57 102.83   33.96963 100.00 100.00   34.09648 100.00 100.00 756 025 111    3.36 28.61
2023-04-17 23:22:54        4         3196 0.160000 0.160000 00:07:02 529.37 0.75 192.01 8.63 231.89 103.83   32.62342 100.00 100.00   34.04560 100.00 100.00 756 025 115    3.36 28.59
2023-04-17 23:30:47        5         3995 0.200000 0.200000 00:07:03 529.43 0.75 192.07 8.31 232.51 103.20   32.37509 100.00 100.00   33.96865 100.00 100.00 756 025 116    3.36 28.58
2023-04-17 23:38:39        6         4794 0.240000 0.240000 00:07:02 528.85 0.75 192.06 8.34 232.64 102.52   32.23911 100.00 100.00   33.82754 100.00 100.00 756 025 116    3.36 28.61
2023-04-17 23:46:31        7         5593 0.280000 0.280000 00:07:02 528.17 0.75 191.21 8.04 232.45 102.87   32.30169 100.00 100.00   33.72857 100.00 100.00 756 025 113    3.36 28.65
2023-04-17 23:54:23        8         6392 0.320000 0.320000 00:07:01 527.97 0.77 191.47 8.29 231.40 103.43   32.25942 100.00 100.00   33.90126 100.00 100.00 756 025 113    3.36 28.66
2023-04-18 00:02:16        9         7191 0.360000 0.360000 00:07:02 528.94 0.75 192.01 8.37 232.03 103.25   32.23571 100.00 100.00   33.84777 100.00 100.00 756 025 114    3.36 28.61
2023-04-18 00:10:08       10         7990 0.400000 0.400000 00:07:01 528.06 0.74 191.85 8.29 232.04 102.54   32.42501 100.00 100.00   33.80295 100.00 100.00 756 025 115    3.36 28.66
2023-04-18 00:17:59       11         8789 0.400000 0.400000 00:07:01 527.71 0.77 191.84 8.28 231.24 102.98   32.38489 100.00 100.00   33.85282 100.00 100.00 756 025 114    3.36 28.68
2023-04-18 00:25:49       12         9588 0.400000 0.400000 00:07:01 527.10 0.73 191.77 8.48 230.98 102.73   32.25954 100.00 100.00   35.31962 100.00 100.00 756 025 118    3.36 28.71
2023-04-18 00:33:41       13        10387 0.400000 0.400000 00:07:01 527.27 0.79 191.29 8.05 231.27 103.02   32.23224 100.00 100.00   33.69225 100.00 100.00 756 025 115    3.36 28.70
2023-04-18 00:41:31       14        11186 0.400000 0.400000 00:07:00 526.72 0.78 191.34 8.28 230.97 102.76   32.17465 100.00 100.00   34.34337 100.00 100.00 756 025 111    3.36 28.73
2023-04-18 00:49:22       15        11985 0.200000 0.200000 00:07:01 526.93 0.76 191.21 8.29 231.28 102.80   31.95407 100.00 100.00   33.64501 100.00 100.00 756 025 113    3.36 28.72
2023-04-18 00:57:12       16        12784 0.200000 0.200000 00:07:00 526.51 0.78 191.16 8.12 230.82 102.89   31.87118 100.00 100.00   33.69243 100.00 100.00 756 025 114    3.36 28.74
2023-04-18 01:05:03       17        13583 0.200000 0.200000 00:07:00 526.32 0.74 191.26 8.29 230.90 102.55   31.94663 100.00 100.00   34.42552 100.00 100.00 756 025 113    3.36 28.75
2023-04-18 01:12:53       18        14382 0.200000 0.200000 00:07:00 525.94 0.75 191.16 8.30 231.09 102.06   31.86372 100.00 100.00   33.93240 100.00 100.00 756 025 111    3.36 28.77
2023-04-18 01:20:43       19        15181 0.200000 0.200000 00:07:00 526.15 0.75 191.13 8.18 230.86 102.53   31.79743 100.00 100.00   34.39130 100.00 100.00 756 025 118    3.36 28.76
2023-04-18 01:28:32       20        15980 0.100000 0.100000 00:06:59 525.50 0.74 191.33 8.33 230.51 102.05   31.71469 100.00 100.00   33.68906 100.00 100.00 756 025 111    3.36 28.80
2023-04-18 01:36:22       21        16779 0.100000 0.100000 00:06:59 524.61 0.73 190.25 7.90 230.57 102.19   31.72429 100.00 100.00   33.81341 100.00 100.00 756 025 114    3.36 28.85
2023-04-18 01:44:12       22        17578 0.100000 0.100000 00:07:00 525.82 0.73 191.09 8.27 230.44 102.68   31.69025 100.00 100.00   33.74255 100.00 100.00 756 025 116    3.36 28.78
2023-04-18 01:52:02       23        18377 0.100000 0.100000 00:07:00 525.94 0.74 191.33 8.28 230.73 102.27   31.77820 100.00 100.00   33.70742 100.00 100.00 756 025 115    3.36 28.77
2023-04-18 01:59:52       24        19176 0.100000 0.100000 00:07:00 526.23 0.76 191.12 8.21 230.22 103.24   31.75568 100.00 100.00   33.75515 100.00 100.00 756 025 115    3.36 28.76
2023-04-18 02:07:42       25        19975 0.050000 0.050000 00:06:59 525.46 0.78 191.02 8.27 229.88 102.91   31.68171 100.00 100.00   33.78563 100.00 100.00 756 025 114    3.36 28.80
2023-04-18 02:15:33       26        20774 0.050000 0.050000 00:07:00 526.23 0.73 191.43 8.28 230.56 102.61   31.66781 100.00 100.00   33.69228 100.00 100.00 756 025 112    3.36 28.76
2023-04-18 02:23:23       27        21573 0.050000 0.050000 00:07:00 526.02 0.76 191.22 8.28 230.83 102.33   31.70268 100.00 100.00   33.85840 100.00 100.00 756 025 111    3.36 28.77
2023-04-18 02:31:13       28        22372 0.050000 0.050000 00:07:00 526.16 0.74 191.28 8.26 230.79 102.46   31.68566 100.00 100.00   33.86662 100.00 100.00 756 025 116    3.36 28.76
2023-04-18 02:39:03       29        23171 0.050000 0.050000 00:07:00 526.24 0.75 191.32 8.28 230.08 103.19   31.68299 100.00 100.00   33.76159 100.00 100.00 756 025 111    3.36 28.76
2023-04-18 02:46:52       30        23970 0.025000 0.025000 00:07:00 526.19 0.74 191.08 8.01 230.48 103.00   31.73511 100.00 100.00   33.90867 100.00 100.00 756 025 111    3.36 28.76
2023-04-18 02:54:42       31        24769 0.025000 0.025000 00:07:00 526.03 0.75 191.13 8.25 230.39 102.89   31.65140 100.00 100.00   33.80961 100.00 100.00 756 025 113    3.36 28.77
2023-04-18 03:02:32       32        25568 0.025000 0.025000 00:06:59 525.20 0.74 190.71 8.01 230.21 102.67   31.65075 100.00 100.00   33.80978 100.00 100.00 756 025 115    3.36 28.81
2023-04-18 03:10:21       33        26367 0.025000 0.025000 00:06:59 525.07 0.73 190.84 7.99 229.66 102.98   31.67434 100.00 100.00   33.83631 100.00 100.00 756 025 111    3.36 28.82
2023-04-18 03:18:11       34        27166 0.025000 0.025000 00:07:00 526.46 0.75 191.21 8.24 230.18 103.43   31.70245 100.00 100.00   33.78640 100.00 100.00 756 025 114    3.36 28.74
2023-04-18 03:26:01       35        27965 0.012500 0.012500 00:07:00 526.17 0.74 191.06 8.02 230.06 103.44   31.68338 100.00 100.00   33.79907 100.00 100.00 756 025 112    3.36 28.76
2023-04-18 03:33:51       36        28764 0.012500 0.012500 00:07:00 526.66 0.77 191.09 8.28 229.92 103.99   31.64336 100.00 100.00   33.84380 100.00 100.00 756 025 116    3.36 28.73
2023-04-18 03:41:42       37        29563 0.012500 0.012500 00:07:00 526.89 0.79 191.26 8.29 230.00 103.94   31.64337 100.00 100.00   33.88030 100.00 100.00 756 025 111    3.36 28.72
2023-04-18 03:49:32       38        30362 0.012500 0.012500 00:07:00 526.39 0.75 191.22 8.31 229.97 103.56   31.65417 100.00 100.00   33.82087 100.00 100.00 756 025 113    3.36 28.75
2023-04-18 03:57:22       39        31161 0.012500 0.012500 00:07:00 526.14 0.75 191.10 8.23 230.03 103.38   31.65403 100.00 100.00   33.82127 100.00 100.00 756 025 115    3.36 28.76
2023-04-18 04:05:12       40        31960 0.006250 0.006250 00:07:00 526.04 0.75 191.06 8.07 230.13 103.22   31.65119 100.00 100.00   33.82938 100.00 100.00 756 025 113    3.36 28.77
2023-04-18 04:13:02       41        32759 0.006250 0.006250 00:07:00 526.90 0.77 191.16 8.27 229.63 104.46   31.66785 100.00 100.00   33.80143 100.00 100.00 756 025 115    3.36 28.72
2023-04-18 04:20:52       42        33558 0.006250 0.006250 00:07:00 526.21 0.78 191.41 8.33 229.62 103.53   31.61076 100.00 100.00   33.88229 100.00 100.00 756 025 115    3.36 28.76
2023-04-18 04:28:42       43        34357 0.006250 0.006250 00:07:00 526.09 0.76 191.39 8.52 230.01 103.05   31.67856 100.00 100.00   33.86057 100.00 100.00 756 025 112    3.36 28.77
2023-04-18 04:36:32       44        35156 0.006250 0.006250 00:07:00 525.69 0.76 191.10 8.26 230.06 102.92   31.63680 100.00 100.00   33.79757 100.00 100.00 756 025 112    3.36 28.79
2023-04-18 04:44:21       45        35955 0.003125 0.003125 00:07:00 525.76 0.74 191.02 8.06 230.43 102.70   31.65888 100.00 100.00   33.84857 100.00 100.00 756 025 118    3.36 28.78
2023-04-18 04:52:13       46        36754 0.003125 0.003125 00:07:00 526.39 0.77 191.38 8.23 230.24 103.11   31.62588 100.00 100.00   33.83047 100.00 100.00 756 025 112    3.36 28.75
2023-04-18 05:00:03       47        37553 0.003125 0.003125 00:07:00 526.41 0.73 191.41 8.30 230.77 102.63   31.65631 100.00 100.00   33.85901 100.00 100.00 756 025 114    3.36 28.75
2023-04-18 05:07:56       48        38352 0.003125 0.003125 00:07:03 529.58 0.75 191.80 8.31 232.14 103.99   31.63779 100.00 100.00   33.81693 100.00 100.00 756 025 115    3.36 28.58
2023-04-18 05:15:50       49        39151 0.003125 0.003125 00:07:03 530.34 0.80 192.04 8.28 233.26 103.35   31.67139 100.00 100.00   33.85390 100.00 100.00 756 025 117    3.36 28.53
2023-04-18 05:23:44       50        39950 0.001563 0.001563 00:07:04 531.10 0.76 192.60 8.35 233.37 103.48   31.66643 100.00 100.00   33.85850 100.00 100.00 756 025 114    3.36 28.49
2023-04-18 05:31:40       51        40749 0.001563 0.001563 00:07:05 532.00 0.74 192.51 8.14 234.65 103.22   31.62257 100.00 100.00   33.82658 100.00 100.00 756 025 111    3.36 28.45
2023-04-18 05:39:35       52        41548 0.001563 0.001563 00:07:05 532.41 0.75 192.40 8.33 234.25 104.11   31.70463 100.00 100.00   33.85805 100.00 100.00 756 025 120    3.36 28.42
2023-04-18 05:47:31       53        42347 0.001563 0.001563 00:07:05 532.37 0.78 192.63 8.14 235.23 102.86   31.65726 100.00 100.00   33.87332 100.00 100.00 756 025 112    3.36 28.43
2023-04-18 05:55:27       54        43146 0.001563 0.001563 00:07:05 532.60 0.73 192.62 8.31 234.89 103.48   31.64807 100.00 100.00   33.82771 100.00 100.00 756 025 114    3.36 28.41
2023-04-18 06:03:26       55        43945 0.000781 0.000781 00:07:05 532.06 0.75 192.54 8.33 234.47 103.42   31.65034 100.00 100.00   33.87476 100.00 100.00 756 025 115    3.36 28.44
2023-04-18 06:11:23       56        44744 0.000781 0.000781 00:07:06 533.74 0.74 193.10 8.43 235.99 103.04   31.67387 100.00 100.00   33.86967 100.00 100.00 756 025 112    3.36 28.35
2023-04-18 06:19:20       57        45543 0.000781 0.000781 00:07:07 534.42 0.73 192.88 8.37 235.53 104.39   31.62665 100.00 100.00   33.82728 100.00 100.00 756 025 113    3.36 28.32
2023-04-18 06:27:18       58        46342 0.000781 0.000781 00:07:06 534.29 0.75 192.95 8.34 236.02 103.68   31.62284 100.00 100.00   33.84514 100.00 100.00 756 025 111    3.36 28.32
2023-04-18 06:35:16       59        47141 0.000781 0.000781 00:07:07 535.27 0.74 193.39 8.43 236.81 103.44   31.64380 100.00 100.00   33.83997 100.00 100.00 756 025 113    3.36 28.27
2023-04-18 06:43:12       60        47940 0.000391 0.000391 00:07:06 533.61 0.76 192.81 8.12 236.09 103.07   31.64968 100.00 100.00   33.82577 100.00 100.00 756 025 113    3.36 28.36
2023-04-18 06:51:10       61        48739 0.000391 0.000391 00:07:06 534.03 0.79 192.67 8.18 235.94 103.75   31.64671 100.00 100.00   33.87754 100.00 100.00 756 025 115    3.36 28.34
2023-04-18 06:59:07       62        49538 0.000391 0.000391 00:07:07 534.57 0.75 193.00 8.32 236.48 103.46   31.67447 100.00 100.00   33.88513 100.00 100.00 756 025 115    3.36 28.31
2023-04-18 07:07:04       63        50337 0.000391 0.000391 00:07:06 534.23 0.75 193.04 8.31 236.37 103.18   31.69572 100.00 100.00   33.88345 100.00 100.00 756 025 111    3.36 28.33
2023-04-18 07:15:02       64        51136 0.000391 0.000391 00:07:06 534.35 0.73 192.63 8.10 236.91 103.22   31.65948 100.00 100.00   33.84923 100.00 100.00 756 025 114    3.36 28.32
2023-04-18 07:22:59       65        51935 0.000195 0.000195 00:07:07 534.90 0.73 193.28 8.34 236.89 103.12   31.63976 100.00 100.00   33.80891 100.00 100.00 756 025 112    3.36 28.29
2023-04-18 07:30:58       66        52734 0.000195 0.000195 00:07:08 535.68 0.76 193.50 8.37 237.75 102.79   31.67623 100.00 100.00   33.86686 100.00 100.00 756 025 114    3.36 28.25
2023-04-18 07:38:56       67        53533 0.000195 0.000195 00:07:08 535.87 0.73 193.67 8.15 237.35 103.24   31.65342 100.00 100.00   33.86696 100.00 100.00 756 025 115    3.36 28.24
2023-04-18 07:46:55       68        54332 0.000195 0.000195 00:07:08 535.68 0.73 193.38 8.30 237.01 103.67   31.64444 100.00 100.00   33.84799 100.00 100.00 756 025 124    3.36 28.25
2023-04-18 07:54:54       69        55131 0.000195 0.000195 00:07:08 536.15 0.77 193.87 8.44 237.77 102.86   31.65441 100.00 100.00   33.82792 100.00 100.00 756 025 111    3.36 28.23
2023-04-18 08:02:54       70        55930 0.000098 0.000098 00:07:08 536.77 0.77 193.60 8.18 237.88 103.63   31.64095 100.00 100.00   33.83649 100.00 100.00 756 025 121    3.36 28.19
2023-04-18 08:10:54       71        56729 0.000098 0.000098 00:07:09 537.18 0.73 193.98 8.34 238.17 103.42   31.61930 100.00 100.00   33.87930 100.00 100.00 756 025 111    3.36 28.17
2023-04-18 08:18:54       72        57528 0.000098 0.000098 00:07:08 536.81 0.75 193.87 8.40 237.55 103.76   31.63074 100.00 100.00   33.89126 100.00 100.00 756 025 112    3.36 28.19
2023-04-18 08:26:53       73        58327 0.000098 0.000098 00:07:08 536.60 0.74 193.78 8.17 238.03 103.17   31.66104 100.00 100.00   33.91751 100.00 100.00 756 025 114    3.36 28.20
2023-04-18 08:34:52       74        59126 0.000098 0.000098 00:07:08 536.52 0.76 193.66 8.47 237.90 103.32   31.67657 100.00 100.00   33.85940 100.00 100.00 756 025 114    3.36 28.21
2023-04-18 08:42:49       75        59925 0.000049 0.000049 00:07:06 534.34 0.73 193.18 8.17 235.99 103.57   31.65125 100.00 100.00   33.82430 100.00 100.00 756 025 112    3.36 28.32
2023-04-18 08:50:47       76        60724 0.000049 0.000049 00:07:06 533.91 0.73 193.09 8.32 236.03 103.19   31.63888 100.00 100.00   33.84972 100.00 100.00 756 025 119    3.36 28.34
2023-04-18 08:58:43       77        61523 0.000049 0.000049 00:07:06 533.41 0.74 193.22 8.33 236.18 102.40   31.64367 100.00 100.00   33.82646 100.00 100.00 756 025 114    3.36 28.37
2023-04-18 09:06:40       78        62322 0.000049 0.000049 00:07:05 533.00 0.72 192.98 8.34 235.62 102.80   31.65149 100.00 100.00   33.84155 100.00 100.00 756 025 115    3.36 28.39
2023-04-18 09:14:36       79        63121 0.000049 0.000049 00:07:05 532.53 0.76 192.55 8.15 235.06 103.27   31.66103 100.00 100.00   33.83099 100.00 100.00 756 025 114    3.36 28.42
2023-04-18 09:22:32       80        63920 0.000024 0.000024 00:07:05 532.80 0.74 192.59 8.26 235.33 103.26   31.70724 100.00 100.00   33.82625 100.00 100.00 756 025 115    3.36 28.40
2023-04-18 09:30:27       81        64719 0.000024 0.000024 00:07:05 532.15 0.75 192.37 8.32 234.95 103.20   31.67007 100.00 100.00   33.85555 100.00 100.00 756 025 114    3.36 28.44
2023-04-18 09:38:23       82        65518 0.000024 0.000024 00:07:05 532.89 0.72 192.93 8.34 235.61 102.76   31.62732 100.00 100.00   33.84774 100.00 100.00 756 025 113    3.36 28.40
2023-04-18 09:46:21       83        66317 0.000024 0.000024 00:07:06 534.19 0.74 193.14 8.18 236.53 102.91   31.65012 100.00 100.00   33.83249 100.00 100.00 756 025 114    3.36 28.33
2023-04-18 09:54:18       84        67116 0.000024 0.000024 00:07:07 534.62 0.73 193.18 8.38 236.17 103.64   31.62889 100.00 100.00   33.85779 100.00 100.00 756 025 116    3.36 28.31
2023-04-18 10:02:17       85        67915 0.000012 0.000012 00:07:07 535.12 0.74 193.37 8.30 236.54 103.58   31.66526 100.00 100.00   33.86466 100.00 100.00 756 025 113    3.36 28.28
2023-04-18 10:10:15       86        68714 0.000012 0.000012 00:07:07 535.66 0.74 193.25 8.09 236.53 104.24   31.61890 100.00 100.00   33.88026 100.00 100.00 756 025 113    3.36 28.25
2023-04-18 10:18:16       87        69513 0.000012 0.000012 00:07:08 535.82 0.75 193.29 8.12 237.55 103.34   31.65373 100.00 100.00   33.84814 100.00 100.00 756 025 114    3.36 28.24
2023-04-18 10:26:16       88        70312 0.000012 0.000012 00:07:08 536.88 0.74 193.67 8.19 238.28 103.32   31.62987 100.00 100.00   33.88439 100.00 100.00 756 025 118    3.36 28.19
2023-04-18 10:34:17       89        71111 0.000012 0.000012 00:07:09 537.61 0.76 193.99 8.46 237.99 103.99   31.64574 100.00 100.00   33.83429 100.00 100.00 756 025 113    3.36 28.15
2023-04-18 10:42:17       90        71910 0.000006 0.000006 00:07:08 536.77 0.72 193.26 8.19 237.90 104.01   31.64379 100.00 100.00   33.86969 100.00 100.00 756 025 113    3.36 28.19
2023-04-18 10:50:17       91        72709 0.000006 0.000006 00:07:09 537.70 0.73 194.21 8.46 238.03 103.84   31.64974 100.00 100.00   33.84289 100.00 100.00 756 025 113    3.36 28.14
2023-04-18 10:58:18       92        73508 0.000006 0.000006 00:07:09 537.95 0.76 194.17 8.39 238.02 104.11   31.66257 100.00 100.00   33.86653 100.00 100.00 756 025 112    3.36 28.13
2023-04-18 11:06:20       93        74307 0.000006 0.000006 00:07:10 539.09 0.76 194.01 8.39 238.36 105.06   31.61524 100.00 100.00   33.86278 100.00 100.00 756 025 112    3.36 28.07
2023-04-18 11:14:20       94        75106 0.000006 0.000006 00:07:09 537.65 0.73 194.13 8.24 238.61 103.30   31.62492 100.00 100.00   33.84647 100.00 100.00 756 025 118    3.36 28.15
