# date	time	epoch	nupdates	lr	lrcriterion	runtime	bch(ms)	smp(ms)	fwd(ms)	crit-fwd(ms)	bwd(ms)	optim(ms)	loss	train-LER	train-WER	valid-dev-loss	valid-dev-LER	valid-dev-WER	avg-isz	avg-tsz	max-tsz	hrs	thrpt(sec/sec)
2023-04-18 11:58:10       96        76704 0.020000 0.020000 00:06:54 519.37 0.95 190.51 8.26 224.08 102.88   31.63922 100.00 100.00   33.82240 100.00 100.00 756 025 116    3.36 29.14
2023-04-18 12:06:15       97        77503 0.020000 0.020000 00:07:01 527.98 0.78 191.44 8.33 231.59 103.29   31.64975 100.00 100.00   33.85984 100.00 100.00 756 025 113    3.36 28.66
2023-04-18 12:14:10       98        78302 0.020000 0.020000 00:07:05 532.99 0.76 192.78 8.48 234.54 104.03   31.65546 100.00 100.00   33.87201 100.00 100.00 756 025 111    3.36 28.39
2023-04-18 12:22:06       99        79101 0.020000 0.020000 00:07:06 533.29 0.77 192.74 8.46 235.76 103.14   31.65009 100.00 100.00   33.80015 100.00 100.00 756 025 114    3.36 28.38
2023-04-18 12:30:03      100        79900 0.020000 0.020000 00:07:06 534.06 0.75 192.81 8.47 235.98 103.64   31.66017 100.00 100.00   33.83684 100.00 100.00 756 025 115    3.36 28.34
2023-04-18 12:37:55      101        80699 0.020000 0.020000 00:07:03 530.15 0.79 191.90 8.35 232.95 103.62   31.63310 100.00 100.00   33.82980 100.00 100.00 756 025 113    3.36 28.54
2023-04-18 12:45:37      102        81498 0.020000 0.020000 00:06:52 516.81 0.79 189.38 8.11 222.93 102.81   31.68739 100.00 100.00   33.85501 100.00 100.00 756 025 115    3.36 29.28
2023-04-18 12:53:19      103        82297 0.020000 0.020000 00:06:53 517.64 0.78 189.31 8.14 223.11 103.52   31.66395 100.00 100.00   33.93326 100.00 100.00 756 025 117    3.36 29.23
2023-04-18 13:01:00      104        83096 0.020000 0.020000 00:06:53 517.07 0.74 189.26 8.27 223.07 103.12   31.65504 100.00 100.00   33.88984 100.00 100.00 756 025 115    3.36 29.27
2023-04-18 13:08:42      105        83895 0.020000 0.020000 00:06:53 517.14 0.75 188.99 8.14 223.87 102.66   31.66350 100.00 100.00   33.79503 100.00 100.00 756 025 111    3.36 29.26
2023-04-18 13:16:24      106        84694 0.020000 0.020000 00:06:54 518.34 0.76 189.17 8.18 224.29 103.21   31.68659 100.00 100.00   33.87597 100.00 100.00 756 025 111    3.36 29.20
2023-04-18 13:24:07      107        85493 0.020000 0.020000 00:06:54 518.43 0.74 189.36 7.99 224.46 102.99   31.66955 100.00 100.00   33.89494 100.00 100.00 756 025 111    3.36 29.19
2023-04-18 13:31:51      108        86292 0.020000 0.020000 00:06:55 519.92 0.79 189.93 7.94 225.41 102.89   31.68208 100.00 100.00   33.90827 100.00 100.00 756 025 115    3.36 29.11
2023-04-18 13:39:36      109        87091 0.020000 0.020000 00:06:56 520.76 0.76 189.90 8.25 226.51 102.69   31.67236 100.00 100.00   33.89337 100.00 100.00 756 025 115    3.36 29.06
2023-04-18 13:47:24      110        87890 0.020000 0.020000 00:06:58 524.34 0.75 190.51 8.21 228.24 103.95   31.67400 100.00 100.00   33.84979 100.00 100.00 756 025 111    3.36 28.86
2023-04-18 13:55:14      111        88689 0.020000 0.020000 00:06:59 525.48 0.76 190.68 8.27 230.31 102.87   31.66952 100.00 100.00   33.80487 100.00 100.00 756 025 115    3.36 28.80
2023-04-18 14:03:06      112        89488 0.020000 0.020000 00:07:02 528.59 0.77 191.31 8.29 231.17 104.44   31.67157 100.00 100.00   33.82778 100.00 100.00 756 025 113    3.36 28.63
2023-04-18 14:10:58      113        90287 0.020000 0.020000 00:07:02 528.40 0.77 191.22 8.07 231.54 103.99   31.67715 100.00 100.00   33.81147 100.00 100.00 756 025 115    3.36 28.64
2023-04-18 14:18:50      114        91086 0.020000 0.020000 00:07:03 529.52 0.77 191.86 8.39 232.58 103.43   31.65812 100.00 100.00   33.85314 100.00 100.00 756 025 113    3.36 28.58
2023-04-18 14:26:43      115        91885 0.020000 0.020000 00:07:02 529.33 0.78 191.48 8.08 233.44 102.75   31.65740 100.00 100.00   33.83038 100.00 100.00 756 025 118    3.36 28.59
2023-04-18 14:34:30      116        92684 0.020000 0.020000 00:06:57 522.95 0.75 190.44 8.24 227.93 102.94   31.67773 100.00 100.00   33.80445 100.00 100.00 756 025 116    3.36 28.94
2023-04-18 14:42:17      117        93483 0.020000 0.020000 00:06:58 523.56 0.71 190.49 8.22 228.27 103.24   31.64424 100.00 100.00   33.87639 100.00 100.00 756 025 113    3.36 28.90
2023-04-18 14:50:07      118        94282 0.020000 0.020000 00:07:00 526.60 0.74 191.13 8.36 230.88 102.96   31.64225 100.00 100.00   33.88599 100.00 100.00 756 025 118    3.36 28.74
2023-04-18 14:57:57      119        95081 0.020000 0.020000 00:07:00 526.41 0.75 191.09 8.25 231.15 102.54   31.72104 100.00 100.00   33.89004 100.00 100.00 756 025 112    3.36 28.75
2023-04-18 15:05:48      120        95880 0.020000 0.020000 00:07:01 528.02 0.77 191.39 8.27 231.52 103.45   31.74848 100.00 100.00   33.90636 100.00 100.00 756 025 114    3.36 28.66
