# date	time	epoch	nupdates	lr	lrcriterion	runtime	bch(ms)	smp(ms)	fwd(ms)	crit-fwd(ms)	bwd(ms)	optim(ms)	loss	train-LER	train-WER	valid-dev-loss	valid-dev-LER	valid-dev-WER	avg-isz	avg-tsz	max-tsz	hrs	thrpt(sec/sec)
2023-04-19 15:35:01       49        39151 0.400000 0.400000 00:07:08 535.71 1.48 188.16 8.94 216.29 128.62   25.86169 68.81 78.76   27.32580 71.17 82.41 756 025 113    3.36 28.25
2023-04-19 15:42:32       50        39950 0.400000 0.400000 00:06:39 499.58 0.86 176.86 8.22 204.37 116.43   25.30486 72.82 81.76   27.37488 70.32 82.74 756 025 113    3.36 30.29
2023-04-19 15:49:53       51        40749 0.400000 0.400000 00:06:39 499.51 0.86 176.98 8.26 204.25 116.35   25.17049 69.93 81.56   26.97284 64.13 80.18 756 025 113    3.36 30.30
2023-04-19 15:57:22       52        41548 0.400000 0.400000 00:06:38 498.19 0.86 176.34 8.17 203.92 115.98   24.78955 69.07 79.36   27.94708 74.84 84.24 756 025 115    3.36 30.38
2023-04-19 16:04:44       53        42347 0.400000 0.400000 00:06:38 499.25 0.92 176.27 8.00 204.07 116.90   24.38962 68.96 80.36   27.42275 66.80 81.31 756 025 111    3.36 30.31
2023-04-19 16:12:12       54        43146 0.400000 0.400000 00:06:38 498.23 0.88 176.24 8.47 203.63 116.37   24.50168 68.06 79.76   27.94795 70.37 82.22 756 025 112    3.36 30.37
2023-04-19 16:19:35       55        43945 0.400000 0.400000 00:06:39 499.42 0.88 176.82 8.21 204.67 115.96   24.40522 65.99 77.76   27.64191 70.18 82.21 756 025 114    3.36 30.30
2023-04-19 16:26:56       56        44744 0.400000 0.400000 00:06:38 498.48 0.89 176.06 7.99 204.06 116.38   23.70053 61.07 73.35   27.67901 67.25 81.10 756 025 114    3.36 30.36
2023-04-19 16:34:20       57        45543 0.400000 0.400000 00:06:40 500.86 0.86 177.48 8.42 205.07 116.36   23.57621 68.43 81.96   27.56098 66.27 81.15 756 025 111    3.36 30.21
2023-04-19 16:41:43       58        46342 0.400000 0.400000 00:06:38 499.28 0.88 176.65 7.96 204.33 116.33   23.36826 69.29 79.36   27.74994 70.95 82.62 756 025 118    3.36 30.31
2023-04-19 16:49:10       59        47141 0.400000 0.400000 00:06:39 500.15 0.86 176.70 8.18 204.33 117.18   22.87924 65.73 76.35   27.90012 66.08 80.43 756 025 114    3.36 30.26
2023-04-19 16:56:36       60        47940 0.400000 0.400000 00:06:38 499.35 0.88 176.45 8.21 204.17 116.75   22.65507 64.26 77.35   27.83058 64.90 80.29 756 025 114    3.36 30.31
2023-04-19 17:03:58       61        48739 0.400000 0.400000 00:06:38 498.45 0.92 176.38 8.16 203.99 116.05   22.89977 62.54 74.55   28.29137 69.59 81.85 756 025 114    3.36 30.36
2023-04-19 17:11:20       62        49538 0.400000 0.400000 00:06:38 499.10 0.91 176.34 8.20 203.94 116.79   22.20767 64.41 75.35   27.82553 64.76 81.24 756 025 113    3.36 30.32
2023-04-19 17:18:43       63        50337 0.400000 0.400000 00:06:38 499.27 0.92 176.38 8.30 204.05 116.81   22.01224 65.09 77.96   28.26424 66.89 81.67 756 025 111    3.36 30.31
2023-04-19 17:26:07       64        51136 0.400000 0.400000 00:06:39 499.88 0.89 176.62 8.19 204.57 116.67   21.96118 58.52 73.95   27.81024 61.55 80.86 756 025 113    3.36 30.27
2023-04-19 17:33:30       65        51935 0.400000 0.400000 00:06:39 499.44 0.88 176.55 7.97 204.53 116.37   21.35247 60.81 73.95   29.30604 72.12 83.63 756 025 112    3.36 30.30
2023-04-19 17:40:57       66        52734 0.400000 0.400000 00:06:38 498.90 0.86 176.22 8.19 204.07 116.67   21.05662 59.68 72.34   28.27241 64.54 81.02 756 025 115    3.36 30.33
2023-04-19 17:48:20       67        53533 0.400000 0.400000 00:06:40 501.03 0.87 176.88 8.24 204.83 117.35   20.86496 64.83 79.36   28.89143 64.77 81.45 756 025 114    3.36 30.20
2023-04-19 17:55:43       68        54332 0.400000 0.400000 00:06:38 498.85 0.88 176.12 8.16 203.94 116.79   20.55920 60.85 71.94   28.45158 63.52 80.49 756 025 112    3.36 30.34
2023-04-19 18:03:06       69        55131 0.400000 0.400000 00:06:39 499.90 0.94 176.48 8.31 204.18 117.19   20.68313 62.05 76.55   28.85189 65.55 80.72 756 025 114    3.36 30.27
2023-04-19 18:10:32       70        55930 0.400000 0.400000 00:06:38 498.57 0.89 175.98 8.20 203.75 116.83   20.38528 67.00 79.16   28.42670 62.58 80.76 756 025 115    3.36 30.35
2023-04-19 18:18:05       71        56729 0.400000 0.400000 00:06:49 511.89 0.88 181.27 8.21 210.01 118.60   19.72202 56.83 72.14   28.90353 66.08 81.54 756 025 113    3.36 29.56
