# date	time	epoch	nupdates	lr	lrcriterion	runtime	bch(ms)	smp(ms)	fwd(ms)	crit-fwd(ms)	bwd(ms)	optim(ms)	loss	train-LER	train-WER	valid-dev-loss	valid-dev-LER	valid-dev-WER	avg-isz	avg-tsz	max-tsz	hrs	thrpt(sec/sec)
2023-04-19 18:43:30       72        57528 0.400000 0.400000 00:06:38 499.10 1.05 178.06 8.27 202.42 116.41   19.86630 55.67 67.94   28.92627 64.14 80.54 756 025 111    3.36 30.32
2023-04-19 18:51:04       73        58327 0.400000 0.400000 00:06:38 498.66 0.90 176.30 7.99 203.76 116.58   19.34207 62.80 76.55   29.98598 69.69 82.56 756 025 112    3.36 30.35
2023-04-19 18:58:25       74        59126 0.400000 0.400000 00:06:39 500.47 0.90 177.13 8.26 204.29 117.03   19.04911 60.40 71.74   29.38363 65.70 80.87 756 025 111    3.36 30.24
2023-04-19 19:05:48       75        59925 0.400000 0.400000 00:06:39 499.78 0.91 176.34 8.02 204.18 117.23   18.78896 53.42 69.34   29.82221 68.50 82.11 756 025 115    3.36 30.28
2023-04-19 19:13:09       76        60724 0.400000 0.400000 00:06:39 500.04 0.91 176.83 8.48 204.06 117.12   18.52384 56.57 69.54   28.94220 61.45 79.93 756 025 114    3.36 30.26
2023-04-19 19:20:38       77        61523 0.400000 0.400000 00:06:38 498.90 0.92 176.24 8.03 203.77 116.85   18.51896 52.06 67.94   30.00241 68.41 81.73 756 025 116    3.36 30.33
2023-04-19 19:28:00       78        62322 0.400000 0.400000 00:06:39 499.45 0.89 176.42 8.22 203.97 117.04   18.35635 54.95 70.34   29.32527 61.35 80.34 756 025 111    3.36 30.30
2023-04-19 19:35:54       79        63121 0.400000 0.400000 00:07:12 541.14 0.90 187.51 8.63 220.97 130.63   17.79382 48.20 61.12   29.75021 64.61 80.76 756 025 113    3.36 27.96
2023-04-19 19:43:14       80        63920 0.200000 0.200000 00:06:38 498.78 0.89 176.85 8.37 204.01 115.94   16.33313 53.83 67.33   29.82868 66.64 80.59 756 025 117    3.36 30.34
2023-04-19 19:50:36       81        64719 0.200000 0.200000 00:06:38 499.18 0.88 176.31 7.94 204.07 116.82   16.56097 64.64 72.34   29.57646 67.11 80.64 756 025 113    3.36 30.32
2023-04-19 19:57:55       82        65518 0.200000 0.200000 00:06:38 498.27 0.86 176.47 8.20 203.78 116.07   16.24025 51.95 64.33   29.43754 63.31 79.64 756 025 114    3.36 30.37
2023-04-19 20:05:23       83        66317 0.200000 0.200000 00:06:37 497.26 0.86 176.05 8.22 203.19 116.05   15.57331 51.76 65.53   30.01459 65.80 80.05 756 025 112    3.36 30.43
2023-04-19 20:12:42       84        67116 0.200000 0.200000 00:06:37 497.25 0.84 176.13 8.15 203.68 115.51   15.94720 46.21 60.32   30.82984 68.12 81.12 756 025 114    3.36 30.43
2023-04-19 20:20:04       85        67915 0.200000 0.200000 00:06:38 499.15 0.87 176.46 8.16 204.01 116.71   15.64822 52.21 66.33   30.13199 65.63 79.91 756 025 111    3.36 30.32
2023-04-19 20:27:39       86        68714 0.200000 0.200000 00:06:48 511.80 0.92 181.11 8.37 210.27 118.37   15.46223 49.21 63.53   30.70476 67.68 80.45 756 025 119    3.36 29.57
2023-04-19 20:34:58       87        69513 0.200000 0.200000 00:06:37 497.07 0.88 175.60 8.15 202.98 116.51   15.58029 51.13 63.13   30.23892 66.33 79.82 756 025 113    3.36 30.44
2023-04-19 20:42:16       88        70312 0.200000 0.200000 00:06:37 497.20 0.90 175.69 7.91 203.45 116.06   15.17304 48.99 60.12   30.80628 68.70 80.81 756 025 113    3.36 30.44
2023-04-19 20:49:37       89        71111 0.200000 0.200000 00:06:39 499.44 0.88 176.70 8.17 204.32 116.44   15.18400 48.35 59.92   31.15211 68.88 81.00 756 025 118    3.36 30.30
2023-04-19 20:56:58       90        71910 0.200000 0.200000 00:06:38 498.76 0.87 176.25 8.22 204.04 116.50   14.93521 48.35 59.12   30.87125 68.84 81.34 756 025 113    3.36 30.34
2023-04-19 21:04:17       91        72709 0.200000 0.200000 00:06:37 498.11 0.86 176.10 7.92 203.81 116.26   15.02425 44.74 53.71   30.29646 64.06 79.28 756 025 113    3.36 30.38
2023-04-19 21:11:50       92        73508 0.200000 0.200000 00:06:38 498.26 0.87 176.34 8.39 203.77 116.18   15.01022 47.03 56.91   30.86167 66.85 80.34 756 025 117    3.36 30.37
2023-04-19 21:19:11       93        74307 0.200000 0.200000 00:06:38 498.27 0.87 176.09 7.93 203.87 116.34   14.55903 41.18 53.51   31.12668 66.88 80.41 756 025 115    3.36 30.37
2023-04-19 21:26:32       94        75106 0.200000 0.200000 00:06:37 498.09 0.86 176.38 8.21 203.64 116.10   14.39030 45.05 57.31   30.67418 64.80 79.56 756 025 114    3.36 30.38
2023-04-19 21:33:52       95        75905 0.200000 0.200000 00:06:38 498.24 0.91 176.33 8.14 203.95 115.93   14.66460 51.65 61.92   30.94271 65.30 79.82 756 025 111    3.36 30.37
2023-04-19 21:41:12       96        76704 0.200000 0.200000 00:06:38 498.51 0.89 176.51 8.26 203.84 116.16   14.30164 46.43 61.52   31.21912 66.18 79.78 756 025 111    3.36 30.36
2023-04-19 21:48:34       97        77503 0.200000 0.200000 00:06:40 500.83 1.17 177.11 8.16 204.62 116.83   14.16846 49.21 59.72   31.76813 67.78 80.41 756 025 111    3.36 30.22
2023-04-19 21:55:55       98        78302 0.200000 0.200000 00:06:38 498.90 0.91 176.49 8.23 204.07 116.32   14.12517 46.43 58.32   31.61286 68.03 80.84 756 025 114    3.36 30.33
2023-04-19 22:03:16       99        79101 0.200000 0.200000 00:06:38 498.96 0.87 176.46 8.24 204.04 116.50   13.96422 50.90 63.93   31.87445 68.81 80.78 756 025 114    3.36 30.33
2023-04-19 22:10:36      100        79900 0.200000 0.200000 00:06:39 499.59 0.87 176.81 8.51 203.85 116.96   13.94157 43.92 55.11   31.90516 67.19 80.10 756 025 112    3.36 30.29
2023-04-19 22:17:57      101        80699 0.200000 0.200000 00:06:38 499.04 0.92 176.43 8.23 203.82 116.75   13.89119 43.84 54.51   31.14404 64.76 79.91 756 025 113    3.36 30.32
2023-04-19 22:25:17      102        81498 0.200000 0.200000 00:06:38 498.44 0.86 176.36 8.18 203.92 116.21   13.72131 42.38 54.11   31.90511 67.29 80.50 756 025 116    3.36 30.36
